Date,New cases,All cases,Deaths,All deaths,Convalescents,All convalescents,All quarantined
2020-03-03,0,0,0,0,0,0,316
2020-04-03,1,1,0,0,0,0,349
2020-05-03,0,1,0,0,0,0,490
2020-06-03,4,5,0,0,0,0,1299
2020-07-03,1,6,0,0,0,0,1548
2020-08-03,5,11,0,0,0,0,932
2020-09-03,6,17,0,0,0,0,1014
2020-10-03,5,22,0,0,0,0,1055
2020-11-03,9,31,0,0,0,0,1193
2020-12-03,20,51,1,1,0,0,2736
2020-03-13,17,68,1,2,0,0,3151
2020-03-14,35,103,1,3,0,0,4413
2020-03-15,21,124,0,3,0,0,7535
2020-03-16,52,176,1,4,0,0,10050
2020-03-17,61,237,1,5,1,1,14531
2020-03-18,48,285,0,5,0,1,21993
2020-03-19,68,353,0,5,0,1,28440
2020-03-20,70,423,0,5,0,1,47115
2020-03-21,111,534,0,5,0,1,54814
2020-03-22,99,633,2,7,0,1,48632
2020-03-23,115,748,1,8,0,1,55301
2020-03-24,152,900,2,10,0,1,62511
2020-03-25,151,1051,3,13,0,1,70528
2020-03-26,170,1221,3,16,0,1,83908
2020-03-27,168,1389,0,16,0,1,94297
2020-03-28,249,1638,2,18,0,1,97413
2020-03-29,224,1862,4,22,0,1,100215
2020-03-30,193,2055,9,31,0,1,106525
2020-03-31,256,2311,2,33,0,1,171994
2020-01-04,243,2554,10,43,0,1,183095
2020-02-04,392,2946,14,57,0,1,174997
2020-03-04,437,3383,14,71,0,1,160587
2020-04-04,244,3627,8,79,115,116,131888
2020-05-04,475,4102,15,94,18,134,143256
2020-06-04,311,4413,9,103,28,162,148130
2020-07-04,435,4848,26,129,29,191,153390
2020-08-04,356,5204,29,158,31,222,152898
2020-09-04,370,5574,16,174,62,284,158663
2020-10-04,380,5954,7,181,34,318,166973
2020-11-04,401,6355,27,208,57,375,162974
2020-12-04,318,6673,23,231,64,439,151548
2020-04-13,260,6933,13,244,48,487,144875
2020-04-14,269,7202,18,262,131,618,145875
2020-04-15,380,7582,22,284,50,668,142220
2020-04-16,336,7918,28,312,106,774,138004
2020-04-17,461,8379,18,330,92,866,118361
2020-04-18,363,8742,15,345,115,981,124311
2020-04-19,545,9287,13,358,59,1040,111079
2020-04-20,306,9593,20,378,93,1133,105602
2020-04-21,263,9856,20,398,164,1297,98020
2020-04-22,313,10169,25,423,216,1513,103129
2020-04-23,342,10511,28,451,227,1740,97905
2020-04-24,381,10892,40,491,204,1944,87003
2020-04-25,381,11273,30,521,182,2126,79656
2020-04-26,344,11617,12,533,139,2265,78878
2020-04-27,285,11902,27,560,201,2466,82643
2020-04-28,316,12218,34,594,189,2655,85837
2020-04-29,422,12640,28,622,370,3025,88265
2020-04-30,237,12877,20,642,211,3236,92458
2020-01-05,228,13105,7,649,255,3491,95625
2020-02-05,270,13375,12,661,271,3762,96612
2020-03-05,318,13693,15,676,183,3945,96699
2020-04-05,313,14006,19,695,150,4095,100765
2020-05-05,425,14431,19,714,185,4280,101395
2020-06-05,309,14740,18,732,375,4655,103913
2020-07-05,307,15047,22,754,207,4862,104024
2020-08-05,319,15366,20,774,322,5184,102996
2020-09-05,285,15651,9,783,253,5437,100784
2020-10-05,345,15996,15,798,261,5698,97002
2020-11-05,330,16326,11,809,118,5816,96211
2020-12-05,595,16921,28,837,315,6131,96062
2020-05-13,283,17204,23,860,279,6410,96708
2020-05-14,411,17615,22,882,286,6696,95068
2020-05-15,401,18016,24,906,222,6918,90386
2020-05-16,241,18257,8,914,257,7175,84542
2020-05-17,272,18529,10,924,276,7451,80947
2020-05-18,356,18885,11,935,177,7628,76645
2020-05-19,383,19268,12,947,275,7903,76957
2020-05-20,471,19739,14,961,280,8183,77461
2020-05-21,404,20143,10,971,269,8452,77768
2020-05-22,476,20619,10,981,279,8731,80635
2020-05-23,312,20931,11,992,246,8977,79326
2020-05-24,395,21326,3,995,217,9194,78259
2020-05-25,305,21631,11,1006,82,9276,78864
2020-05-26,443,22074,17,1023,744,10020,79007
2020-05-27,399,22473,4,1027,310,10330,79818
2020-05-28,352,22825,10,1037,230,10560,79995
2020-05-29,330,23155,13,1050,132,10692,80182
2020-05-30,416,23571,10,1060,324,11016,78823
2020-05-31,215,23786,3,1063,255,11271,77406
2020-01-06,379,24165,10,1073,178,11449,78470
2020-02-06,230,24395,18,1091,277,11726,78691
2020-03-06,292,24687,23,1114,288,12014,79341
2020-04-06,361,25048,2,1116,213,12227,81244
2020-05-06,362,25410,20,1136,183,12410,81820
2020-06-06,576,25986,14,1150,231,12641,82759
2020-07-06,575,26561,4,1154,214,12855,82921
2020-08-06,599,27160,9,1163,143,12998,84913
2020-09-06,400,27560,19,1182,198,13196,86002
2020-10-06,282,27842,23,1205,215,13411,88074
2020-11-06,359,28201,9,1214,285,13696,89609
2020-12-06,376,28577,7,1221,109,13805,92654
2020-06-13,440,29017,15,1236,299,14104,93094
2020-06-14,375,29392,10,1246,122,14226,94518
2020-06-15,396,29788,9,1255,157,14383,95641
2020-06-16,407,30195,16,1271,271,14654,96255
2020-06-17,506,30701,14,1285,267,14921,93722
2020-06-18,314,31015,30,1315,396,15317,97215
2020-06-19,301,31316,18,1333,381,15698,96181
2020-06-20,304,31620,12,1345,483,16181,94585
2020-06-21,311,31931,10,1355,502,16683,93830
2020-06-22,296,32227,3,1358,393,17076,93890
2020-06-23,300,32527,16,1374,497,17573,92992
2020-06-24,294,32821,21,1395,561,18134,92409
2020-06-25,298,33119,16,1411,520,18654,91461
2020-06-26,276,33395,17,1428,564,19218,89294
2020-06-27,319,33714,6,1434,754,19972,85603
2020-06-28,193,33907,4,1438,576,20548,83460
2020-06-29,247,34154,6,1444,349,20897,83499
2020-06-30,239,34393,19,1463,384,21281,83033
2020-01-07,382,34775,14,1477,510,21791,83521
2020-02-07,371,35146,15,1492,418,22209,84790
2020-03-07,259,35405,14,1506,442,22651,84560
2020-04-07,314,35719,5,1511,476,23127,83813
2020-05-07,231,35950,5,1516,619,23746,83767
2020-06-07,205,36155,4,1520,220,23966,85327
2020-07-07,257,36412,7,1527,272,24238,84363
2020-08-07,277,36689,15,1542,640,24878,85955
2020-09-07,262,36951,9,1551,599,25477,86712
2020-10-07,265,37216,11,1562,571,26048,86915
2020-11-07,305,37521,6,1568,587,26635,86168
2020-12-07,370,37891,3,1571,513,27148,85610
2020-07-13,299,38190,5,1576,367,27515,86747
2020-07-14,267,38457,12,1588,241,27756,87698
2020-07-15,264,38721,6,1594,736,28492,90496
2020-07-16,333,39054,10,1604,436,28928,86073
2020-07-17,353,39407,7,1611,577,29505,92008
2020-07-18,339,39746,6,1617,419,29924,89956
2020-07-19,358,40104,6,1623,368,30292,89822
2020-07-20,279,40383,4,1627,247,30539,90767
2020-07-21,399,40782,9,1636,232,30771,90961
2020-07-22,380,41162,6,1642,368,31139,92577
2020-07-23,418,41580,9,1651,402,31541,93815
2020-07-24,458,42038,4,1655,456,31997,94164
2020-07-25,584,42622,9,1664,422,32419,93311
2020-07-26,443,43065,7,1671,334,32753,92803
2020-07-27,337,43402,5,1676,103,32856,94920
2020-07-28,502,43904,6,1682,187,33043,95453
2020-07-29,512,44416,12,1694,147,33190,97561
2020-07-30,615,45031,15,1709,453,33643,97189
2020-07-31,657,45688,7,1716,344,33987,98282
2020-01-08,658,46346,5,1721,387,34374,96425
2020-02-08,548,46894,10,1731,335,34709,95794
2020-03-08,575,47469,1,1732,172,34881,98875
2020-04-08,680,48149,6,1738,175,35056,100151
2020-05-08,640,48789,18,1756,265,35321,102815
2020-06-08,726,49515,18,1774,321,35642,104923
2020-07-08,809,50324,13,1787,399,36041,107229
2020-08-08,843,51167,13,1800,362,36403,105795
2020-09-08,624,51791,7,1807,288,36691,104167
2020-10-08,619,52410,2,1809,186,36877,105427
2020-11-08,551,52961,12,1821,273,37150,106915
2020-12-08,715,53676,9,1830,461,37611,108677
2020-08-13,811,54487,13,1843,350,37961,108309
2020-08-14,832,55319,15,1858,401,38362,107395
2020-08-15,771,56090,11,1869,491,38853,103805
2020-08-16,594,56684,8,1877,277,39130,102970
2020-08-17,595,57279,8,1885,229,39359,103236
2020-08-18,597,57876,11,1896,284,39643,103621
2020-08-19,735,58611,17,1913,456,40099,103961
2020-08-20,767,59378,12,1925,382,40481,103351
2020-08-21,903,60281,13,1938,548,41029,103876
2020-08-22,900,61181,13,1951,632,41661,100066
2020-08-23,581,61762,4,1955,522,42183,98233
2020-08-24,548,62310,5,1960,265,42448,100023
2020-08-25,763,63073,17,1977,336,42784,99705
2020-08-26,729,63802,17,1994,615,43399,101678
2020-08-27,887,64689,15,2009,698,44097,101547
2020-08-28,791,65480,9,2018,688,44785,100845
2020-08-29,759,66239,14,2032,751,45536,98576
2020-08-30,631,66870,1,2033,656,46192,96351
2020-08-31,502,67372,6,2039,446,46638,96888
2020-01-09,550,67922,19,2058,392,47030,96664
2020-02-09,595,68517,20,2078,835,47865,98341
2020-03-09,612,69129,14,2092,728,48593,71311
2020-04-09,691,69820,8,2100,1227,49820,71452
2020-05-09,567,70387,13,2113,2526,52346,70788
2020-06-09,437,70824,7,2120,1910,54256,72285
2020-07-09,302,71126,3,2123,857,55113,76047
2020-08-09,400,71526,12,2135,797,55910,79124
2020-09-09,421,71947,11,2146,1225,57135,83170
2020-10-09,506,72453,12,2158,934,58069,86892
2020-11-09,594,73047,10,2168,779,58848,90216
2020-12-09,603,73650,13,2181,877,59725,91819
2020-09-13,502,74152,6,2187,934,60659,92057
2020-09-14,377,74529,15,2202,438,61097,95241
2020-09-15,605,75134,24,2226,451,61548,94273
2020-09-16,600,75734,10,2236,562,62110,103425
2020-09-17,837,76571,16,2252,615,62725,111530
2020-09-18,757,77328,17,2269,587,63312,118864
2020-09-19,1002,78330,12,2281,549,63861,118212
2020-09-20,910,79240,11,2292,441,64302,116871
2020-09-21,748,79988,5,2297,302,64604,115789
2020-09-22,711,80699,18,2315,368,64972,114000
2020-09-23,974,81673,28,2343,589,65561,125220
2020-09-24,1136,82809,25,2368,597,66158,137023
2020-09-25,1587,84396,23,2391,582,66740,143442
2020-09-26,1584,85980,32,2423,586,67326,139460
2020-09-27,1350,87330,8,2431,578,67904,136128
2020-09-28,1306,88636,15,2446,516,68420,134588
2020-09-29,1326,89962,36,2482,535,68955,129961
2020-09-30,1552,91514,30,2512,740,69695,133981
2020-01-10,1967,93481,30,2542,706,70401,139056
2020-02-10,2292,95773,27,2569,952,71353,158038
2020-03-10,2367,98140,34,2603,856,72209,150565
2020-04-10,1934,100074,26,2629,794,73003,154365
2020-05-10,2006,102080,29,2658,549,73552,159530
2020-06-10,2236,104316,58,2716,606,74158,145873
2020-07-10,3003,107319,75,2791,1188,75346,171251
2020-08-10,4280,111599,76,2867,1144,76490,188629
2020-09-10,4739,116338,52,2919,1385,77875,206048
2020-10-10,5300,121638,53,2972,1107,78982,231032
2020-11-10,4178,125816,32,3004,1320,80302,250132
2020-12-10,4394,130210,35,3039,899,81201,212446
2020-10-13,5068,135278,63,3102,803,82004,249349
2020-10-14,6526,141804,116,3218,1843,83847,296020
2020-10-15,8099,149903,91,3309,1741,85588,311625
2020-10-16,7705,157608,132,3441,2185,87773,327507
2020-10-17,9622,167230,84,3525,4574,92347,320482
2020-10-18,8536,175766,49,3574,2489,94836,304567
2020-10-19,7482,183248,41,3615,1363,96199,289447
2020-10-20,9291,192539,107,3722,1942,98141,335060
2020-10-21,10040,202579,130,3851,2928,101069,378348
2020-10-22,12107,214686,168,4019,3320,104389,398851
2020-10-23,13632,228318,153,4172,2888,107277,478761
2020-10-24,13628,241946,179,4315,4252,111529,446154
2020-10-25,11742,253688,87,4438,3275,114804,445991
2020-10-26,10241,263929,45,4483,2683,117487,442109
2020-10-27,16300,280229,132,4615,3935,121422,479288
2020-10-28,18820,299049,236,4849,4267,125689,489079
2020-10-29,20156,319205,301,5149,5763,131452,496213
2020-10-30,21629,340834,202,5351,5457,136909,504706
2020-10-31,21897,362731,280,5631,5556,142465,439159
2020-01-11,17171,379902,152,5783,6315,148780,435343
2020-02-11,15578,395480,92,5875,7818,156598,421582
2020-03-11,19364,414844,227,6102,5573,162171,408121
2020-04-11,24692,439536,373,6475,8974,171145,430732
2020-05-11,27143,466679,367,6842,8721,179866,433524
2020-06-11,27086,493765,445,7287,10994,190860,441832
2020-07-11,27875,521640,349,7636,11835,202695,407579
2020-08-11,24785,546425,236,7872,8853,211548,376567
2020-09-11,21713,568138,173,8045,10008,221556,407486
2020-10-11,25484,593592,330,8375,11290,232846,431104
2020-11-11,25221,618813,430,8805,12214,245060,404352
2020-12-11,22683,641496,275,9080,11474,256534,430310
2020-11-13,24051,665547,419,9499,13231,269765,440025
2020-11-14,25571,691118,548,10045,14635,284400,409322
2020-11-15,21854,712972,303,10348,12568,296968,422767
2020-11-16,20816,733788,143,10491,11239,308207,415174
2020-11-17,19152,752940,357,10848,18260,326467,415601
2020-11-18,19883,772823,603,11451,18601,345068,434034
2020-11-19,23975,796798,637,12088,19003,364071,408567
2020-11-20,22464,819262,626,12714,19914,383985,391837
2020-11-21,24213,843475,574,13288,25275,409260,356130
2020-11-22,17856,861331,330,13618,16896,426156,362959
2020-11-23,15002,876333,156,13774,14897,441053,334331
2020-11-24,15360,891693,674,14448,15849,456902,341659
2020-11-25,16846,908539,580,15028,14810,471712,345501
2020-11-26,17059,925598,579,15607,25342,497054,345333
2020-11-27,15183,940781,599,16206,21767,518821,332314
2020-11-28,11483,952264,283,16489,21637,540458,316146
2020-11-29,5734,957998,121,16610,21156,561614,294775
2020-11-30,9066,967064,449,17059,18085,579699,284156
2020-01-12,13870,980934,609,17668,20075,599774,274769
2020-02-12,14838,995772,620,18288,25391,625165,282408
2020-03-12,13230,1009002,531,18819,23580,648745,285534
2020-04-12,12430,1021432,502,19321,19853,668598,275582
2020-05-12,9175,1030607,228,19549,21497,690095,254509
2020-06-12,4424,1035031,92,19641,18810,708905,234065
2020-07-12,8315,1043346,411,20052,15726,724631,231665
2020-08-12,12164,1055510,568,20620,16399,741030,225269
2020-09-12,13747,1069257,470,21090,29396,770426,232242
2020-10-12,13105,1082362,544,21634,23878,794304,235155
2020-11-12,11498,1093860,502,22136,23237,817541,227813
2020-12-12,8978,1102838,188,22324,25185,842726,210836
2020-12-13,4858,1107696,96,22420,18354,861080,195342
2020-12-14,6908,1114604,349,22769,10260,871340,193924
2020-12-15,12447,1127051,605,23374,10593,881933,189322
2020-12-16,11953,1139004,431,23805,12902,894835,197652
2020-12-17,10992,1149996,426,24231,10699,905534,201353
2020-12-18,11261,1161257,483,24714,12227,917761,197565
2020-12-19,8593,1169850,143,24857,12147,929908,185321
2020-12-20,4633,1174483,77,24934,10546,940454,172680
2020-12-21,7190,1181673,309,25243,7748,948202,173475
2020-12-22,12363,1194036,472,25715,8255,956457,174083
2020-12-23,13114,1207150,552,26267,10906,967363,188151
2020-12-24,9077,1216227,244,26511,13023,980386,181631
2020-12-25,5048,1221275,68,26579,10804,991190,165716
2020-12-26,3678,1224953,56,26635,10061,1001251,153848
2020-12-27,3211,1228164,27,26662,11155,1012406,144552
2020-12-28,7914,1236078,311,26973,9792,1022198,158414
2020-12-29,12955,1249033,565,27538,4928,1027126,161160
2020-12-30,13397,1262430,532,28070,7841,1034967,168692
2020-12-31,11008,1273438,400,28470,13359,1048326,170928
2021-01-01,6945,1280383,102,28572,11784,1060110,154006
2021-02-01,5739,1286122,61,28633,7831,1067941,143466
2021-03-01,4432,1290554,42,28675,5310,1073251,135305
2021-04-01,7624,1298178,341,29016,4939,1078190,156782
2021-05-01,14151,1312329,553,29569,4044,1082234,165668
2021-06-01,12054,1324383,186,29755,7864,1090098,158359
2021-07-01,8790,1333173,332,30087,12785,1102883,168479
2021-08-01,10548,1343721,438,30525,13071,1115954,168496
2021-09-01,9410,1353131,177,30702,9657,1125611,156834
2021-10-01,4622,1357753,75,30777,6945,1132556,150116
2021-11-01,5569,1363322,326,31103,6991,1139547,170761
2021-12-01,9053,1372375,481,31584,4907,1144454,184488
2021-01-13,9436,1381811,381,31965,8476,1152930,190307
2021-01-14,7795,1389606,386,32351,13158,1166088,190259
2021-01-15,7412,1397018,369,32720,11819,1177907,187925
2021-01-16,6055,1403073,142,32862,7705,1185612,178093
2021-01-17,3271,1406344,52,32914,10769,1196381,173976
2021-01-18,4835,1411179,291,33205,9777,1206158,185122
2021-01-19,6919,1418098,443,33648,4595,1210753,188242
2021-01-20,7152,1425250,419,34067,6423,1217176,190953
2021-01-21,6640,1431890,346,34413,8974,1226150,188758
2021-01-22,6322,1438212,346,34759,10089,1236239,184639
2021-01-23,4683,1442895,110,34869,7934,1244173,176192
2021-01-24,2419,1445314,38,34907,7401,1251574,170854
2021-01-25,4604,1449918,264,35171,6251,1257825,177875
2021-01-26,6789,1456707,389,35560,3104,1260929,176833
2021-01-27,7156,1463863,389,35949,4969,1265898,178510
2021-01-28,6144,1470007,336,36285,6827,1272725,177684
2021-01-29,5864,1475871,303,36588,7557,1280282,174906
2021-01-30,4706,1480577,98,36686,6030,1286312,162805
2021-01-31,2503,1483080,42,36728,6247,1292559,150420
2021-01-02,4326,1487406,253,36981,5133,1297692,152614
2021-02-02,6802,1494208,421,37402,2711,1300403,147257
2021-03-02,6496,1500704,444,37846,4863,1305266,151201
2021-04-02,6053,1506757,368,38214,6788,1312054,152292
2021-05-02,5965,1512722,283,38497,7194,1319248,149585
2021-06-02,4728,1517450,93,38590,5711,1324959,138266
2021-07-02,2431,1519881,45,38635,5786,1330745,129751
2021-08-02,4029,1523910,227,38862,4970,1335715,137467
2021-09-02,6930,1530840,360,39222,2522,1338237,135235
2021-10-02,7008,1537848,456,39678,4845,1343082,144541
2021-11-02,6379,1544227,247,39925,6326,1349408,149615
2021-12-02,6586,1550813,284,40209,6662,1356070,147961
2021-02-13,5334,1556147,98,40307,5681,1361751,137229
2021-02-14,2543,1558690,25,40332,5713,1367464,128654
2021-02-15,5178,1563868,196,40528,5108,1372572,139469
2021-02-16,8694,1572562,279,40807,2461,1375033,141093
2021-02-17,9073,1581635,273,41080,4363,1379396,153920
2021-02-18,8777,1590412,241,41321,6804,1386200,163974
2021-02-19,8510,1598922,254,41575,7406,1393606,166639
2021-02-20,7038,1605960,94,41669,6215,1399821,156100
2021-02-21,3890,1609850,17,41686,6014,1405835,147208
2021-02-22,6310,1616160,247,41933,5490,1411325,161407
2021-02-23,12146,1628306,372,42305,2854,1414179,161187
2021-02-24,12142,1640448,286,42591,5680,1419859,176394
2021-02-25,11539,1651987,259,42850,8438,1428297,188482
2021-02-26,12100,1664087,303,43153,9205,1437502,191595
2021-02-27,10099,1674186,114,43267,8511,1446013,179565
2021-02-28,4786,1678972,24,43291,8128,1454141,171656
2021-01-03,7937,1686909,216,43507,7582,1461723,192491
2021-02-03,15698,1702607,309,43816,3835,1465558,194086
2021-03-03,15250,1717857,289,44105,7492,1473050,216011
2021-04-03,15829,1733686,263,44368,11232,1484282,234601
2021-05-03,14857,1748543,245,44613,12356,1496638,243583
2021-06-03,13574,1762117,126,44739,11146,1507784,227988
2021-07-03,6170,1768287,32,44771,11634,1519418,219104
2021-08-03,9954,1778241,282,45053,9973,1529391,245202
2021-09-03,17260,1795501,398,45451,5263,1534654,250598
2021-10-03,21045,1816546,375,45826,9288,1543942,276477
2021-11-03,18775,1835321,351,46177,14538,1558480,299942
2021-12-03,21049,1856370,343,46520,16312,1574792,310551
2021-03-13,17259,1873629,110,46630,14457,1589249,292772
2021-03-14,10896,1884525,28,46658,14496,1603745,280008
2021-03-15,14396,1898921,372,47030,13560,1617305,314744
2021-03-16,25052,1923973,453,47483,6825,1624130,327953
2021-03-17,27278,1951251,356,47839,11222,1635352,356227
2021-03-18,25998,1977249,419,48258,16912,1652264,383721
2021-03-19,26405,2003654,349,48607,20254,1672518,396680
2021-03-20,21849,2025503,140,48747,17016,1689534,370067
2021-03-21,14578,2040081,65,48812,19320,1708854,351928
2021-03-22,16741,2056822,396,49208,18599,1727453,392575
2021-03-23,29978,2086800,575,49783,10269,1737722,396701
2021-03-24,34151,2120951,520,50303,15623,1753345,434991
2021-03-25,35143,2156094,443,50746,24930,1778275,461317
2021-03-26,31757,2187851,448,51194,28491,1806766,480926
2021-03-27,29253,2217104,131,51325,24103,1830869,446762
2021-03-28,16965,2234069,48,51373,25695,1856564,423889
2021-03-29,20870,2254939,461,51834,24720,1881284,454738
2021-03-30,32874,2287813,653,52487,14553,1895837,449126
2021-03-31,35251,2323064,621,53108,20986,1916823,468310
2021-01-04,30546,2353610,497,53605,29715,1946538,478914
2021-02-04,28073,2381683,571,54176,35396,1981934,467178
2021-03-04,22947,2404630,204,54380,32715,2014649,435354
2021-04-04,9902,2414532,64,54444,31032,2045681,412774
2021-05-04,8245,2422777,60,54504,27518,2073199,394442
2021-06-04,14910,2437687,638,55142,19284,2092483,414373
2021-07-04,27887,2465574,954,56096,22973,2115456,433346
2021-08-04,28487,2494061,768,56864,32283,2147739,439436
2021-09-04,24856,2518917,749,57613,36284,2184023,430830
2021-10-04,21703,2540620,245,57858,28642,2212665,394193
2021-11-04,12013,2552633,61,57919,26739,2239404,362823
2021-12-04,13227,2565860,644,58563,22940,2262344,367577
2021-04-13,21283,2587143,803,59366,11128,2273472,357099
2021-04-14,21130,2608273,682,60048,9683,2283155,352951
2021-04-15,17847,2626120,595,60643,17373,2300528,348056
2021-04-16,15763,2641883,616,61259,30620,2331148,334797
2021-04-17,12153,2654036,207,61466,26504,2357652,292124
2021-04-18,7283,2661319,101,61567,24079,2381731,265383
2021-04-19,9246,2670565,601,62168,20609,2402340,262571
2021-04-20,13926,2684491,740,62908,12536,2414876,253075
2021-04-21,12762,2697253,694,63602,15406,2430282,252098
2021-04-22,10858,2708111,539,64141,21340,2451622,250248
2021-04-23,9505,2717616,513,64654,21879,2473501,241679
2021-04-24,7219,2724835,193,64847,17078,2490579,216922
2021-04-25,3451,2728286,22,64869,15764,2506343,195426
2021-04-26,5709,2733995,460,65329,12778,2519121,193781
2021-04-27,8895,2742890,636,65965,7695,2526816,187087
2021-04-28,8427,2751317,541,66506,10438,2537254,202361
2021-04-29,6796,2758113,429,66935,13565,2550819,197693
2021-04-30,6469,2764582,423,67358,14570,2565389,185680
2021-01-05,4612,2769194,144,67502,10402,2575791,166019
2021-02-05,2525,2771719,37,67539,9103,2584894,141992
2021-03-05,2296,2774015,28,67567,7153,2592047,139205
2021-04-05,3896,2777911,349,67916,4315,2596362,139274
2021-05-05,6431,2784342,510,68426,6715,2603077,142351
2021-06-05,6047,2790389,453,68879,8863,2611940,142253
2021-07-05,4765,2795154,421,69300,8592,2620532,136787
2021-08-05,3852,2799006,147,69447,6687,2627219,124442
2021-09-05,2032,2801038,22,69469,6669,2633888,114652
2021-10-05,3098,2804136,319,69788,4745,2638633,117931
2021-11-05,4255,2808391,343,70131,2761,2641394,112961
2021-12-05,3730,2812121,342,70473,2685,2644079,115045
2021-05-13,3288,2815409,289,70762,4839,2648918,115914
2021-05-14,2896,2818305,298,71060,6764,2655682,115750
2021-05-15,2167,2820472,55,71115,5466,2661148,107596
2021-05-16,1109,2821581,11,71126,4835,2665983,100096
2021-05-17,1734,2823315,245,71371,3927,2669910,101013
2021-05-18,2344,2825659,329,71700,2149,2672059,98191
2021-05-19,2086,2827745,250,71950,3424,2675483,97366
2021-05-20,1679,2829424,191,72141,4323,2679806,96793
2021-05-21,1516,2830940,191,72332,3973,2683779,94777
2021-05-22,1075,2832015,46,72378,3200,2686979,86700
2021-05-23,559,2832574,17,72395,3074,2690053,79649
2021-05-24,1000,2833574,151,72546,2257,2692310,81603
2021-05-25,1267,2834841,209,72755,1268,2693578,77005
2021-05-26,1230,2836071,135,72890,2026,2695604,79008
2021-05-27,946,2837017,117,73007,2432,2698036,81171
2021-05-28,775,2837792,125,73132,2199,2700235,78901
2021-05-29,579,2838371,56,73188,1685,2701920,73205
2021-05-30,333,2838704,7,73195,1587,2703507,69079
2021-05-31,588,2839292,111,73306,1195,2704702,71529
2021-01-06,664,2839956,128,73434,678,2705380,66209
2021-02-06,572,2840528,91,73525,1164,2706544,64168
2021-03-06,319,2840847,26,73551,1292,2707836,60961
2021-04-06,415,2841262,38,73589,1072,2708908,62982
2021-05-06,312,2841574,13,73602,983,2709891,60495
2021-06-06,194,2841768,8,73610,878,2710769,58527
2021-07-06,400,2842168,95,73705,652,2711421,63352
2021-08-06,428,2842596,108,73813,378,2711799,59658
2021-09-06,382,2842978,84,73897,613,2712412,57127
2021-10-06,341,2843319,68,73965,730,2713142,56809
2021-11-06,239,2843558,47,74012,611,2713753,57526
2021-12-06,227,2843785,11,74023,369,2714122,55191
2021-06-13,140,2843925,1,74024,416,2714538,55463
2021-06-14,215,2844140,52,74076,358,2714896,60547
2021-06-15,241,2844381,62,74138,227,2715123,60040
2021-06-16,218,2844599,46,74184,446,2715569,61041
2021-06-17,190,2844789,48,74232,439,2716008,63472
2021-06-18,168,2844957,41,74273,419,2716427,64252
2021-06-19,133,2845090,5,74278,340,2716767,63662
2021-06-20,73,2845163,1,74279,235,2717002,63678
2021-06-21,188,2845351,29,74308,235,2717237,66894
2021-06-22,165,2845516,35,74343,178,2717415,61845
2021-06-23,147,2845663,24,74367,271,2717686,59403
2021-06-24,133,2845796,36,74403,247,2717933,57708
2021-06-25,100,2845896,21,74424,215,2718148,58801
2021-06-26,71,2845967,5,74429,207,2718355,60566
2021-06-27,52,2846019,0,74429,204,2718559,64751
2021-06-28,123,2846142,26,74455,148,2718707,72255
2021-06-29,104,2846246,16,74471,98,2718805,74745
2021-06-30,98,2846344,23,74494,187,2718992,78577
2021-01-07,96,2846440,21,74515,170,2719162,84100
2021-02-07,107,2846547,18,74533,145,2719307,91819
2021-03-07,54,2846601,1,74534,131,2719438,97094
2021-04-07,38,2846639,1,74535,110,2719548,101857
2021-05-07,96,2846735,10,74545,96,2719644,104225
2021-06-07,103,2846838,17,74562,83,2719727,101915
2021-07-07,93,2846931,19,74581,125,2719852,99467
2021-08-07,76,2847007,17,74598,94,2719946,98171
2021-09-07,86,2847093,7,74605,113,2720059,98715
2021-10-07,66,2847159,1,74606,94,2720153,98523
2021-11-07,44,2847203,0,74606,111,2720264,97367
2021-12-07,96,2847299,13,74619,66,2720330,97465
2021-07-13,86,2847385,6,74625,114,2720444,92902
2021-07-14,105,2847490,12,74637,94,2720538,90470
2021-07-15,93,2847583,14,74651,136,2720674,88628
2021-07-16,114,2847697,7,74658,280,2720954,88767
2021-07-17,69,2847766,3,74661,71,2721025,88225
2021-07-18,67,2847833,0,74661,81,2721106,86921
2021-07-19,104,2847937,4,74665,107,2721213,88120
2021-07-20,124,2848061,3,74668,82,2721295,85344
2021-07-21,126,2848187,9,74677,113,2721408,84380
2021-07-22,108,2848295,4,74681,127,2721535,84546
2021-07-23,122,2848417,6,74687,120,2721655,85506
2021-07-24,82,2848499,1,74688,97,2721752,84878
2021-07-25,74,2848573,0,74688,110,2721862,83518
2021-07-26,106,2848679,7,74695,100,2721962,84492
2021-07-27,138,2848817,3,74698,94,2722056,81796
2021-07-28,167,2848984,5,74703,112,2722168,80131
2021-07-29,153,2849137,2,74705,134,2722302,79433
2021-07-30,153,2849290,2,74707,131,2722433,79794
2021-07-31,91,2849381,0,74707,144,2722577,77828
2021-01-08,91,2849472,0,74707,133,2722710,76407
2021-02-08,164,2849636,4,74711,98,2722808,77004
2021-03-08,164,2849800,4,74715,105,2722913,75282
2021-04-08,176,2849976,6,74721,143,2723056,74265
2021-05-08,172,2850148,6,74727,170,2723226,72166
2021-06-08,181,2850329,4,74731,187,2723413,72394
2021-07-08,122,2850451,0,74731,162,2723575,71091
2021-08-08,64,2850515,0,74731,175,2723750,69832
2021-09-08,200,2850715,0,74731,113,2723863,70771
2021-10-08,198,2850913,4,74735,119,2723982,68287
2021-11-08,223,2851136,2,74737,155,2724137,66847
2021-12-08,196,2851332,6,74743,186,2724323,66472
2021-08-13,211,2851543,2,74745,215,2724538,65896
2021-08-14,148,2851691,0,74745,159,2724697,63672
2021-08-15,128,2851819,0,74745,174,2724871,62393
2021-08-16,221,2852040,7,74752,154,2725025,63155
2021-08-17,208,2852248,1,74753,93,2725118,61500
2021-08-18,197,2852445,4,74757,234,2725352,60042
2021-08-19,212,2852657,4,74761,232,2725584,59999
2021-08-20,222,2852879,1,74762,232,2725816,60581
2021-08-21,185,2853064,0,74762,188,2726004,58540
2021-08-22,107,2853171,0,74762,222,2726226,57384
2021-08-23,233,2853404,8,74770,191,2726417,59147
2021-08-24,234,2853638,5,74775,146,2726563,58125
2021-08-25,251,2853889,3,74778,244,2726807,56581
2021-08-26,258,2854147,3,74781,225,2727032,55764
2021-08-27,290,2854437,5,74786,218,2727250,55511
2021-08-28,204,2854641,0,74786,208,2727458,53308
2021-08-29,151,2854792,0,74786,232,2727690,52181
2021-08-30,285,2855077,5,74791,207,2727897,53487
2021-08-31,366,2855443,13,74804,147,2728044,52777
2021-01-09,390,2855833,7,74811,240,2728284,51690
2021-02-09,349,2856182,5,74816,263,2728547,51790
2021-03-09,389,2856571,7,74823,268,2728815,53037
2021-04-09,324,2856895,0,74823,252,2729067,53014
2021-05-09,183,2857078,0,74823,271,2729338,53752
2021-06-09,406,2857484,13,74836,243,2729581,58516
2021-07-09,533,2858017,11,74847,185,2729766,60540
2021-08-09,510,2858527,6,74853,307,2730073,62438
2021-09-09,528,2859055,8,74861,457,2730530,65782
2021-10-09,530,2859585,8,74869,361,2730891,69208
2021-11-09,476,2860061,0,74869,350,2731241,68974
2021-12-09,269,2860330,0,74869,383,2731624,69160
2021-09-13,537,2860867,8,74877,350,2731974,77317
2021-09-14,767,2861634,21,74898,202,2732176,77989
2021-09-15,722,2862356,10,74908,434,2732610,79410
2021-09-16,652,2863008,8,74916,498,2733108,82237
2021-09-17,797,2863805,14,74930,522,2733630,84180
2021-09-18,540,2864345,1,74931,532,2734162,81151
2021-09-19,363,2864708,0,74931,526,2734688,79325
2021-09-20,711,2865419,15,74946,498,2735186,86101
2021-09-21,882,2866301,20,74966,282,2735468,85170
2021-09-22,974,2867275,14,74980,569,2736037,86107
2021-09-23,813,2868088,14,74994,783,2736820,87576
2021-09-24,917,2869005,20,75014,716,2737536,87812
2021-09-25,643,2869648,1,75015,674,2738210,83104
2021-09-26,421,2870069,0,75015,758,2738968,78620
2021-09-27,975,2871044,29,75044,623,2739591,84820
2021-09-28,1234,2872278,22,75066,413,2740004,83537
2021-09-29,1208,2873486,27,75093,748,2740752,84962
2021-09-30,1362,2874848,16,75109,948,2741700,87719
2021-01-10,1344,2876192,23,75132,994,2742694,89515
2021-02-10,1090,2877282,6,75138,796,2743490,84280
2021-03-10,684,2877966,0,75138,848,2744338,81016
2021-04-10,1325,2879291,46,75184,719,2745057,89204
2021-05-10,2085,2881376,33,75217,491,2745548,89217
2021-06-10,2007,2883383,29,75246,1038,2746586,95647
2021-07-10,1895,2885278,31,75277,1264,2747850,102759
2021-08-10,2012,2887290,29,75306,1273,2749123,105696
2021-09-10,1527,2888817,5,75311,1259,2750382,100756
2021-10-10,903,2889720,0,75311,1338,2751720,96742
2021-11-10,2118,2891838,49,75360,1134,2752854,104753
2021-12-10,2640,2894478,40,75400,763,2753617,102245
2021-10-13,3000,2897478,60,75460,1427,2755044,111191
2021-10-14,2771,2900249,49,75509,2039,2757083,120973
2021-10-15,3236,2903485,44,75553,2017,2759100,123871
2021-10-16,2523,2906008,1,75554,1946,2761046,116255
2021-10-17,1537,2907545,3,75557,1924,2762970,113597
2021-10-18,3931,2911476,64,75621,1615,2764585,128780
2021-10-19,5559,2917035,75,75696,1013,2765598,134740
2021-10-20,5592,2922627,46,75742,2158,2767756,157147
2021-10-21,5706,2928333,59,75801,2727,2770483,181800
2021-10-22,6274,2934607,75,75876,1767,2772250,194705
